// catalog of layouts to copy and paste into settings.ino
    { // 41edo
        3,  2,  1,
      7,  6,  5,  4,
        10, 9,  8,
          13, 12, 11,
        17, 16, 15, 14,
          20, 19, 18,
        24, 23, 22, 21,
          27, 26, 25,
        31, 30, 29, 28,
          34, 33, 32,
            37, 36, 35,
          41, 40, 39, 38,
            44, 43, 42,
          48, 47, 46, 45,
            51, 50, 49,
              54, 53, 52,
            58, 57, 56, 55,
              61, 60, 59,
            65, 64, 63, 62,
              68, 67, 66,
            72, 71, 70, 69,
              75, 74, 73,
                78, 77, 76,
              82, 81, 80, 79,
                85, 84, 83,
              89, 88, 87, 86,
                92, 91, 90,
                  95, 94, 93,
                99, 98, 97, 96,
                  102,101,100,
                106,105,104,103,
                  109,108,107,
                113,112,111,110,
                  116,115,114,
                    119,118,117,
                  123,122,121,120,
                    126,125,124
    },
    { // 39edo
        8,  5,  2,
      13, 10, 7,  4,
        15, 12, 9,
          17, 14, 11,
        22, 19, 16, 13,
          24, 21, 18,
        29, 26, 23, 20,
          31, 28, 25,
        36, 33, 30, 27,
          38, 35, 32,
            40, 37, 34,
          45, 42, 39, 36,
            47, 44, 41,
          52, 49, 46, 43,
            54, 51, 48,
              56, 53, 50,
            61, 58, 55, 52,
              63, 60, 57,
            68, 65, 62, 59,
              70, 67, 64,
            75, 72, 69, 66,
              77, 74, 71,
                79, 76, 73,
              84, 81, 78, 75,
                86, 83, 80,
              91, 88, 85, 82,
                93, 90, 87,
                  95, 92, 89,
                100,97, 94, 91,
                  102,99, 96,
                107,104,101,98,
                  109,106,103,
                114,111,108,105,
                  116,113,110,
                    118,115,112,
                  123,120,117,114,
                    125,122,119
    },
    { // 37edo
        13, 8,  3,
      19, 14, 9,  4,
        20, 15, 10,
          21, 16, 11,
        27, 22, 17, 12,
          28, 23, 18,
        34, 29, 24, 19,
          35, 30, 25,
        41, 36, 31, 26,
          42, 37, 32,
            43, 38, 33,
          49, 44, 39, 34,
            50, 45, 40,
          56, 51, 46, 41,
            57, 52, 47,
              58, 53, 48,
            64, 59, 54, 49,
              65, 60, 55,
            71, 66, 61, 56,
              72, 67, 62,
            78, 73, 68, 63,
              79, 74, 69,
                80, 75, 70,
              86, 81, 76, 71,
                87, 82, 77,
              93, 88, 83, 78,
                94, 89, 84,
                  95, 90, 85,
                101,96, 91, 86,
                  102,97, 92,
                108,103,98, 93,
                  109,104,99,
                115,110,105,100,
                  116,111,106,
                    117,112,107,
                  123,118,113,108,
                    124,119,114
    },
    { // 33edo
        11, 14, 17,
      12, 15, 18, 21,
        16, 19, 22,
          20, 23, 26,
        21, 24, 27, 30,
          25, 28, 31,
        26, 29, 32, 35,
          30, 33, 36,
        31, 34, 37, 40,
          35, 38, 41,
            39, 42, 45,
          40, 43, 46, 49,
            44, 47, 50,
          45, 48, 51, 54,
            49, 52, 55,
              53, 56, 59,
            54, 57, 60, 63,
              58, 61, 64,
            59, 62, 65, 68,
              63, 66, 69,
            64, 67, 70, 73,
              68, 71, 74,
                72, 75, 78,
              73, 76, 79, 82,
                77, 80, 83,
              78, 81, 84, 87,
                82, 85, 88,
                  86, 89, 92,
                87, 90, 93, 96,
                  91, 94, 97,
                92, 95, 98, 101,
                  96, 99, 102,
                97, 100,103,106,
                  101,104,107,
                    105,108,111,
                  106,109,112,115,
                    110,113,116
    },
    { // 32edo
        20, 16, 12,
      25, 21, 17, 13,
        26, 22, 18,
          27, 23, 19,
        32, 28, 24, 20,
          33, 29, 25,
        38, 34, 30, 26,
          39, 35, 31,
        44, 40, 36, 32,
          45, 41, 37,
            46, 42, 38,
          51, 47, 43, 39,
            52, 48, 44,
          57, 53, 49, 45,
            58, 54, 50,
              59, 55, 51,
            64, 60, 56, 52,
              65, 61, 57,
            70, 66, 62, 58,
              71, 67, 63,
            76, 72, 68, 64,
              77, 73, 69,
                78, 74, 70,
              83, 79, 75, 71,
                84, 80, 76,
              89, 85, 81, 77,
                90, 86, 82,
                  91, 87, 83,
                96, 92, 88, 84,
                  97, 93, 89,
                102,98, 94, 90,
                  103,99, 95,
                108,104,100,98,
                  109,105,101,
                    110,106,102,
                  115,111,107,103,
                    116,112,108
    },
    { // 31edo
        16, 17, 18,
      18, 19, 20, 21,
        21, 22, 23,
          24, 25, 26,
        26, 27, 28, 29,
          29, 30, 31,
        31, 32, 33, 34,
          34, 35, 36,
        36, 37, 38, 39,
          39, 40, 41,
            42, 43, 44,
          44, 45, 46, 47,
            47, 48, 49,
          49, 50, 51, 52,
            52, 53, 54,
              55, 56, 57,
            57, 58, 59, 60,
              60, 61, 62,
            62, 63, 64, 65,
              65, 66, 67,
            67, 68, 69, 70,
              70, 71, 72,
                73, 74, 75,
              75, 76, 77, 78,
                78, 79, 80,
              80, 81, 82, 83,
                83, 84, 85,
                  86, 87, 88,
                88, 89, 90, 91,
                  91, 92, 93,
                93, 94, 95, 96,
                  96, 97, 98,
                98, 99, 100,101,
                  101,102,103,
                    104,105,106,
                  106,107,108,109,
                    109,110,111
    },
    { // 29edo
        21, 20, 19,
      24, 23, 22, 21,
        26, 25, 24,
          28, 27, 26,
        31, 30, 29, 28,
          33, 32, 31,
        36, 35, 34, 33,
          38, 37, 36,
        41, 40, 39, 38,
          43, 42, 41,
            45, 44, 43,
          48, 47, 46, 45,
            50, 49, 48,
          53, 52, 51, 50,
            55, 54, 53,
              57, 56, 55,
            60, 59, 58, 57,
              62, 61, 60,
            65, 64, 63, 62,
              67, 66, 65,
            70, 69, 68, 67,
              72, 71, 70,
                74, 73, 72,
              77, 76, 75, 74,
                79, 78, 77,
              82, 81, 80, 79,
                84, 83, 82,
                  86, 85, 84,
                89, 88, 87, 86,
                  91, 90, 89,
                94, 93, 92, 91,
                  96, 95, 94,
                99, 98, 97, 96,
                  101,100,99,
                    103,102,101,
                  106,105,104,103,
                    108,107,106
    },
    { // 27edo
        28, 25, 22,
      32, 29, 26, 23,
        33, 30, 27,
          34, 31, 28,
        38, 35, 32, 29,
          39, 36, 33,
        43, 40, 37, 34,
          44, 41, 38,
        48, 45, 42, 39,
          49, 46, 43,
            50, 47, 44,
          54, 51, 48, 45,
            55, 52, 49,
          59, 56, 53, 50,
            60, 57, 54,
              61, 58, 55,
            65, 62, 59, 56,
              66, 63, 60,
            70, 67, 64, 61,
              71, 68, 65,
            75, 72, 69, 66,
              76, 73, 70,
                77, 74, 71,
              81, 78, 75, 72,
                82, 79, 76,
              86, 83, 80, 77,
                87, 84, 81,
                  88, 85, 82,
                92, 89, 86, 83,
                  93, 90, 87,
                97, 94, 91, 88,
                  98, 95, 92,
                102,99, 96, 93,
                  103,100,97,
                    104,101,98,
                  108,105,102,99,
                    109,106,103
    },
    { // 26edo
        22, 24, 26,
      23, 25, 27, 29,
        26, 28, 30,
          29, 31, 33,
        30, 32, 34, 36,
          33, 35, 37,
        34, 36, 38, 40,
          37, 39, 41,
        38, 40, 42, 44,
          41, 43, 45,
            44, 46, 48,
          45, 47, 49, 51,
            48, 50, 52,
          49, 51, 53, 55,
            52, 54, 56,
              55, 57, 59,
            56, 58, 60, 62,
              59, 61, 63,
            60, 62, 64, 66,
              63, 65, 67,
            64, 66, 68, 70,
              67, 69, 71,
                70, 72, 74,
              71, 73, 75, 77,
                74, 76, 78,
              75, 77, 79, 81,
                78, 80, 82,
                  81, 83, 85,
                82, 84, 86, 88,
                  85, 87, 89,
                86, 88, 90, 92,
                  89, 91, 93,
                90, 92, 94, 96,
                  93, 95, 97,
                    96, 98, 100,
                  97, 99, 101,103,
                    100,102,104
    },
    { // 22edo
        33, 31, 29,
      36, 34, 32, 30,
        37, 35, 33,
          38, 36, 34,
        41, 39, 37, 35,
          42, 40, 38,
        45, 43, 41, 39,
          46, 44, 42,
        49, 47, 45, 43,
          50, 48, 46,
            51, 49, 47,
          54, 52, 50, 48,
            55, 53, 51,
          58, 56, 54, 52,
            59, 57, 55,
              60, 58, 56,
            63, 61, 59, 57,
              64, 62, 60,
            67, 65, 63, 61,
              68, 66, 64,
            71, 69, 67, 65,
              72, 70, 68,
                73, 71, 69,
              76, 74, 72, 70,
                77, 75, 73,
              80, 78, 76, 74,
                81, 79, 77,
                  82, 80, 78,
                85, 83, 81, 79,
                  86, 84, 82,
                89, 87, 85, 83,
                  90, 88, 86,
                93, 91, 89, 87,
                  94, 92, 90,
                    95, 93, 91,
                  98, 96, 94, 92,
                    99, 97, 95
    },
    { // 19edo
        36, 37, 38,
      37, 38, 39, 40,
        39, 40, 41,
          41, 42, 43,
        42, 43, 44, 45,
          44, 45, 46,
        45, 46, 47, 48,
          47, 48, 49,
        48, 49, 50, 51,
          50, 51, 52,
            52, 53, 54,
          53, 54, 55, 56,
            55, 56, 57,
          56, 57, 58, 59,
            58, 59, 60,
              60, 61, 62,
            61, 62, 63, 64,
              63, 64, 65,
            64, 65, 66, 67,
              66, 67, 68,
            67, 68, 69, 70,
              69, 70, 71,
                71, 72, 73,
              72, 73, 74, 75,
                74, 75, 76,
              75, 76, 77, 78,
                77, 78, 79,
                  79, 80, 81,
                80, 81, 82, 83,
                  82, 83, 84,
                83, 84, 85, 86,
                  85, 86, 87,
                86, 87, 88, 89,
                  88, 89, 90,
                    90, 91, 92,
                  91, 92, 93, 94,
                    93, 94, 95
    },
    { // 17edo
        39, 38, 37,
      41, 40, 39, 38,
        42, 41, 40,
          43, 42, 41,
        45, 44, 43, 42,
          46, 45, 44,
        48, 47, 46, 45,
          49, 48, 47,
        51, 50, 49, 48,
          52, 51, 50,
            53, 52, 51,
          55, 54, 53, 52,
            56, 55, 54,
          58, 57, 56, 55,
            59, 58, 57,
              60, 59, 58,
            62, 61, 60, 59,
              63, 62, 61,
            65, 64, 63, 62,
              66, 65, 64,
            68, 67, 66, 65,
              69, 68, 67,
                70, 69, 68,
              72, 71, 70, 69,
                73, 72, 71,
              75, 74, 73, 72,
                76, 75, 74,
                  77, 76, 75,
                79, 78, 77, 76,
                  80, 79, 78,
                82, 81, 80, 79,
                  83, 82, 81,
                85, 84, 83, 82,
                  86, 85, 84,
                    87, 86, 85,
                  89, 88, 87, 86,
                    90, 89, 88
    },
    { // 12edo
        45, 45, 45,
      46, 46, 46, 46,
        47, 47, 47,
          48, 48, 48,
        49, 49, 49, 49,
          50, 50, 50,
        51, 51, 51, 51,
          52, 52, 52,
        53, 53, 53, 53,
          54, 54, 54,
            55, 55, 55,
          56, 56, 56, 56,
            57, 57, 57,
          58, 58, 58, 58,
            59, 59, 59,
              60, 60, 60,
            61, 61, 61, 61,
              62, 62, 62,
            63, 63, 63, 63,
              64, 64, 64,
            65, 65, 65, 65,
              66, 66, 66,
                67, 67, 67,
              68, 68, 68, 68,
                69, 69, 69,
              70, 70, 70, 70,
                71, 71, 71,
                  72, 72, 72,
                73, 73, 73, 73,
                  74, 74, 74,
                75, 75, 75, 75,
                  76, 76, 76,
                77, 77, 77, 77,
                  78, 78, 78,
                    79, 79, 79,
                  80, 80, 80, 80,
                    81, 81, 81
    }
